   lhs             rhs             support confidence     lift chiSquared conviction     lift    cosine       gini fishersExactTest  oddsRatio
1  {c,                                                                                                                                        
    sql}        => {bash}       0.16055363  0.9469388 3.273508  620.65701  13.394464 3.273508 0.7249646 0.17661389    3.613303e-132  97.290323
2  {bash,                                                                                                                                     
    sql}        => {c}          0.16055363  0.8529412 3.251979  604.15639   5.016471 3.251979 0.7225767 0.16179766    3.006643e-121  40.481633
3  {bash,                                                                                                                                     
    c}          => {sql}        0.16055363  0.8498168 3.069963  552.04172   4.815343 3.069963 0.7020639 0.15295886    1.350407e-112  33.816492
4  {c}          => {bash}       0.18892734  0.7203166 2.490090  464.28062   2.541183 2.490090 0.6858907 0.13211549     1.138452e-97  16.358686
5  {bash}       => {c}          0.18892734  0.6531100 2.490090  464.28062   2.126658 2.490090 0.6858907 0.12433787     1.138452e-97  16.358686
6  {sql}        => {bash}       0.18823529  0.6800000 2.350718  410.72068   2.221021 2.350718 0.6651977 0.11687450     6.710026e-87  13.084760
7  {bash}       => {sql}        0.18823529  0.6507177 2.350718  410.72068   2.070484 2.350718 0.6651977 0.11380185     6.710026e-87  13.084760
8  {sql}        => {c}          0.16955017  0.6125000 2.335257  350.60931   1.903784 2.335257 0.6292402 0.09389583     3.371937e-73  10.746028
9  {c}          => {sql}        0.16955017  0.6464380 2.335257  350.60931   2.045422 2.335257 0.6292402 0.09714628     3.371937e-73  10.746028
10 {c,                                                                                                                                        
    php,                                                                                                                                      
    sql}        => {bash}       0.08235294  0.9754098 3.371931  305.12502  28.902884 3.371931 0.5269615 0.08682624     1.270202e-65 135.848384
11 {bash,                                                                                                                                     
    c,                                                                                                                                        
    php}        => {sql}        0.08235294  0.9520000 3.439100  311.60674  15.066321 3.439100 0.5321842 0.08633951     2.159773e-64  73.333926
12 {c,                                                                                                                                        
    php}        => {bash}       0.08650519  0.9124088 3.154140  285.84756   8.114129 3.154140 0.5223500 0.08134066     3.222962e-59  36.085040
13 {c,                                                                                                                                        
    php}        => {sql}        0.08442907  0.8905109 3.216971  284.73727   6.605075 3.216971 0.5211582 0.07889456     2.049398e-57  30.134293
14 {bash,                                                                                                                                     
    php,                                                                                                                                      
    sql}        => {c}          0.08235294  0.8380282 3.195121  269.78050   4.554596 3.195121 0.5129596 0.07224926     1.123384e-52  20.755351
15 {bash,                                                                                                                                     
    php}        => {sql}        0.09826990  0.7802198 2.818544  263.58894   3.290484 2.818544 0.5262870 0.07303481     1.186441e-52  13.828488
16 {php,                                                                                                                                      
    sql}        => {bash}       0.09826990  0.7434555 2.570079  220.82730   2.770383 2.570079 0.5025549 0.06283852     5.180646e-45  10.268855
17 {bash,                                                                                                                                     
    php}        => {c}          0.08650519  0.6868132 2.618589  193.95046   2.355515 2.618589 0.4759427 0.05194140     1.831817e-38   8.711493
18 {php}        => {sql}        0.13217993  0.5488506 1.982723  169.45178   1.602980 1.982723 0.5119337 0.04695144     4.725341e-36   5.168927
19 {sql}        => {php}        0.13217993  0.4775000 1.982723  169.45178   1.452956 1.982723 0.5119337 0.04288036     4.725341e-36   5.168927
20 {php,                                                                                                                                      
    sql}        => {c}          0.08442907  0.6387435 2.435315  161.20555   2.042084 2.435315 0.4534439 0.04317207     1.871485e-32   6.859189
21 {bash,                                                                                                                                     
    sql}        => {php}        0.09826990  0.5220588 2.167744  144.94620   1.588416 2.167744 0.4615452 0.03667914     8.478801e-30   5.127483
22 {bash}       => {php}        0.12595156  0.4354067 1.807939  121.78762   1.344631 1.807939 0.4771925 0.03081878     1.103773e-26   3.999949
23 {php}        => {bash}       0.12595156  0.5229885 1.807939  121.78762   1.489957 1.807939 0.4771925 0.03465583     1.103773e-26   3.999949
24 {bash,                                                                                                                                     
    c,                                                                                                                                        
    sql}        => {php}        0.08235294  0.5129310 2.129843  111.91900   1.558649 2.129843 0.4188064 0.02832149     3.075912e-23   4.525100
25 {c,                                                                                                                                        
    sql}        => {php}        0.08442907  0.4979592 2.067675  106.68509   1.512167 2.067675 0.4178180 0.02699703     2.243912e-22   4.274696
26 {ruby}       => {javascript} 0.09273356  0.6600985 1.881346   99.16083   1.909774 1.881346 0.4176888 0.03125917     2.733667e-22   4.524459
27 {javascript} => {ruby}       0.09273356  0.2642998 1.881346   99.16083   1.168296 1.881346 0.4176888 0.01657236     2.733667e-22   4.524459
28 {bash,                                                                                                                                     
    c}          => {php}        0.08650519  0.4578755 1.901236   86.72660   1.400360 1.901236 0.4055450 0.02194647     8.300807e-19   3.594261
29 {javascript} => {java}       0.11695502  0.3333333 1.553763   65.41651   1.178201 1.553763 0.4262868 0.01525708     1.676136e-15   2.826241
30 {java}       => {javascript} 0.11695502  0.5451613 1.553763   65.41651   1.427176 1.553763 0.4262868 0.02062171     1.676136e-15   2.826241
